SK result: [-1.22333932 -1.45956635 -1.88999999 -1.20342791 -0.61605299  0.09
 -0.42059055 -0.74000001 -1.08000004 -1.01502895 -0.97937196 -0.99411529
 -1.01281166 -1.05999994 -1.00405264 -0.97334808 -0.95649707 -0.947249
 -0.9421736  -0.93599999]
SGS result: [-1.88999999 -1.0674969  -1.06365824 -1.07050645 -0.74000001 -1.88999999
 -0.97683221 -0.92199361 -0.79168916 -0.74000001 -0.75715584 -0.74000001
 -0.93187928 -1.17170084 -1.84693933 -1.88999999 -1.88999999 -1.06650364
 -0.74000001 -0.74000001]
Simple Kriging result: [-1.13643897 -1.11064959 -1.06365824 -1.27064908 -1.51578677 -1.88999999
 -1.36873245 -0.92199361 -0.79168916 -0.96138978 -1.05452347 -1.11227918
 -1.14602923 -1.17170084 -1.16994464 -1.16898084 -1.16845179 -1.16816151
 -1.16800225 -1.16780841]
Error Field: [ 0.75356102 -0.04315269  0.         -0.20014262 -0.77578676  0.
 -0.39190024  0.          0.         -0.22138977 -0.29736763 -0.37227917
 -0.21414995  0.          0.67699468  0.72101915  0.7215482  -0.10165787
 -0.42800224 -0.4278084 ]
Cond.Sim: [-0.4697783  -1.50271904 -1.88999999 -1.40357053 -1.39183974  0.09
 -0.81249082 -0.74000001 -1.08000004 -1.23641872 -1.2767396  -1.36639452
 -1.22696161 -1.05999994 -0.32705796 -0.25232893 -0.23494887 -1.0489068
 -1.37017584 -1.36380839]