Averaged                                  
7                                   
Well                                
X                                   
Y                                   
Por                                 
Per                                 
Seis                                
Facies                                    
70    9856  5652  9.474761905 15.47880952 49759 1
75    9767  4271  10.09682927 16.02170732 46004 1
101   8062  9321  9.816727273 3.380181818 48587 1
499   6760  10102 9.288545455 2.065272727 48161 1
536   5763  5382  9.9938      9.932 48644 1
537   7149  5336  9.904 6.57375     48060 1
538   7172  4079  11.12609756 13.44292683 46249 1
540   4598  4151  10.3292     12.575      45929 1
541   3132  4061  7.12106383  1.675319149 46259 1
547   3100  2728  9.144285714 10.9325     45996 1
548   5730  2810  10.0675     7.493409091 44690 1
549   7247  2910  9.192666667 4.922888889 47157 1
551   5797  1389  9.601707317 4.654878049 46777 1
552   4634  1369  7.891395349 7.267906977 48182 1
558   3223  100   11.2145614  26.80912281 46041 1
561   7159  92    9.719661017 8.64220339  46250 1
585   8555  5365  8.23  4.088333333 48614 1
589   8577  126   8.923111111 6.812666667 45537 1
596   8398  9506  11.1162     10.2562     47615 1
597   7871  9517  11.05385965 9.953333333 48675 1
598   7609  9769  9.659454545 2.507636364 50408 1
599   8124  9773  10.85363636 6.980363636 48231 1
600   8652  9771  10.73240741 14.90314815 47655 1
601   7622  9256  10.45763636 6.464545455 51608 1
602   8133  9256  10.31722222 4.267037037 48741 1
603   8649  9255  8.935892857 1.441428571 47667 1
620   5862  9383  9.849821429 2.999107143 49830 1
621   5808  8048  11.38366667 14.78533333 52034 1
623   8430  6688  10.116      4.433636364 48241 1
624   9806  6580  9.115555556 11.53796296 47703 1
739   4331  7986  9.021272727 6.290363636 45814 1
740   6953  7876  9.665357143 2.244821429 53497 1
741   9918  8115  9.928947368 8.32245614  46907 1
750   4325  6682  9.17  6.967735849 52838 1
751   5782  6681  10.55241935 14.11274194 53957 1
752   7240  6686  9.814576271 2.583050847 52747 1
493   1553  9977  5.842586207 0.100689655 44649 2
539   5558  4019  7.399 1.1904      45950 2
543   244   4024  6.189090909 0.136818182 44559 2
545   421   2680  5.947538462 0.119230769 43651 2
546   1899  2799  6.490338983 0.242711864 44617 2
550   7175  1383  7.103142857 1.170571429 48161 2
554   1778  1401  4.025192308 0.273653846 46238 2
555   443   1470  5.242903226 1.605806452 44905 2
556   635   85    5.607413793 1.286724138 44674 2
557   1788  86    7.327457627 4.646101695 44937 2
586   8651  4063  8.421428571 4.109761905 48071 2
587   8577  2678  7.851219512 3.953414634 46013 2
717   72    9383  6.637704918 0.739672131 46042 2
718   1723  9309  5.273965517 0.075344828 42942 2
719   3238  9429  7.164237288 0.79559322  43984 2
720   4327  9313  7.826086957 1.772608696 45945 2
736   299   7955  6.373333333 0.167142857 45559 2
737   1683  8085  4.985084746 0.077118644 43769 2
738   3100  7966  6.714912281 0.54122807  43315 2
747   76    6571  5.535645161 0.093870968 45176 2
748   1771  6699  6.341636364 0.146727273 44026 2
749   3124  6663  6.98627451  0.50745098  44291 2
757   377   5360  6.003709677 0.135806452 45316 2
758   1765  5379  6.475192308 0.153269231 45305 2
759   3118  5357  7.423888889 3.247592593 48153 2
760   4327  5357  6.853636364 0.288 46574 2