Vertical Variogram:
[  0.46787289   3.67752957   6.19086933   6.27916288   6.78850794
   8.19655132   9.4901104   10.41752148  10.44062805  10.32573032
  12.14958477]
XLagDistance:  [ 0  4  8 12 16 20 24 28 32 36 40]
Gamma for vartical semivariogram:  [  0.           0.90357918   1.73293519   2.49416494   3.19286442
   3.83417034   4.4227972    4.96307182   5.45896673   5.91412687
   6.33189869   6.71535301   7.06730938   7.39035463   7.6868639
   7.95901632   8.20881367   8.43809128   8.64853573   8.84169388
   9.01898479   9.18171215   9.33107281   9.46816444   9.59399509
   9.70948887   9.81549644   9.91279602  10.00210285  10.08407307
  10.15931129  10.22836781  10.29175282  10.34993076  10.40332985
  10.45234203  10.49732876  10.53862     10.57651901  10.61130524]